2 0.1111111111111111 0.22133333333333333 0.05420054200542006 0.032
2 0.17886178861788618 0.22533333333333333 0.07588075880758807 0.024
2 0.5203252032520326 0.236 0.06233062330623306 0.028
2 0.5962059620596206 0.23466666666666666 0.056910569105691054 0.029333333333333333
2 0.0921409214092141 0.48 0.051490514905149054 0.028
2 0.15447154471544716 0.484 0.06775067750677506 0.02266666666666667
2 0.5121951219512195 0.5013333333333333 0.056910569105691054 0.030666666666666665
2 0.6070460704607046 0.5 0.08401084010840108 0.02666666666666667
2 0.07317073170731707 0.7453333333333333 0.051490514905149054 0.030666666666666665
2 0.13550135501355012 0.748 0.07046070460704607 0.036
2 0.5176151761517616 0.76 0.06775067750677506 0.036
2 0.6070460704607046 0.7586666666666667 0.07859078590785908 0.036
