2 0.6178861788617886 0.08533333333333333 0.05962059620596206 0.02266666666666667
2 0.43902439024390244 0.20933333333333334 0.051490514905149054 0.02266666666666667
2 0.5121951219512195 0.212 0.056910569105691054 0.02666666666666667
2 0.6233062330623306 0.3373333333333333 0.06233062330623306 0.024
2 0.44715447154471544 0.4613333333333333 0.04878048780487805 0.02266666666666667
2 0.5149051490514905 0.46 0.056910569105691054 0.02266666666666667
2 0.44986449864498645 0.656 0.05962059620596206 0.025333333333333333
2 0.5121951219512195 0.656 0.04607046070460705 0.02266666666666667
2 0.6260162601626016 0.784 0.06775067750677506 0.025333333333333333
2 0.44173441734417346 0.9026666666666666 0.056910569105691054 0.025333333333333333
2 0.5203252032520326 0.9026666666666666 0.056910569105691054 0.025333333333333333
