2 0.4363143631436314 0.20266666666666666 0.056910569105691054 0.02
2 0.5013550135501355 0.20266666666666666 0.051490514905149054 0.018666666666666668
2 0.43089430894308944 0.448 0.056910569105691054 0.024
2 0.5067750677506775 0.448 0.051490514905149054 0.02
2 0.6124661246612466 0.08133333333333333 0.04878048780487805 0.016
2 0.6097560975609756 0.328 0.06233062330623306 0.02266666666666667
2 0.6016260162601627 0.5773333333333334 0.051490514905149054 0.02
2 0.42276422764227645 0.6933333333333334 0.05420054200542006 0.02266666666666667
2 0.4932249322493225 0.6973333333333334 0.051490514905149054 0.017333333333333333
2 0.42005420054200543 0.9026666666666666 0.051490514905149054 0.024
2 0.4932249322493225 0.9013333333333333 0.051490514905149054 0.02
