2 0.5040650406504065 0.07466666666666667 0.08401084010840108 0.03333333333333333
2 0.6504065040650406 0.088 0.0948509485094851 0.036
2 0.8048780487804879 0.092 0.08130081300813008 0.044
2 0.5040650406504065 0.352 0.0948509485094851 0.04133333333333333
2 0.6395663956639567 0.356 0.08130081300813008 0.03866666666666667
2 0.7317073170731707 0.36 0.07317073170731707 0.03866666666666667
2 0.5013550135501355 0.6093333333333333 0.08943089430894309 0.03866666666666667
2 0.6097560975609756 0.6106666666666667 0.06775067750677506 0.036
2 0.6775067750677507 0.616 0.05420054200542006 0.025333333333333333
2 0.940379403794038 0.628 0.08130081300813008 0.028
2 0.4823848238482385 0.872 0.06775067750677506 0.030666666666666665
2 0.6097560975609756 0.8786666666666667 0.05420054200542006 0.032
2 0.8780487804878049 0.888 0.07859078590785908 0.04
2 0.3008130081300813 0.06666666666666667 0.04607046070460705 0.028
2 0.3035230352303523 0.8573333333333333 0.04336043360433604 0.024
2 0.3035230352303523 0.5946666666666667 0.051490514905149054 0.028
2 0.3008130081300813 0.3373333333333333 0.03523035230352303 0.030666666666666665
