2 0.12466124661246612 0.20666666666666667 0.07317073170731707 0.02666666666666667
2 0.43360433604336046 0.20266666666666666 0.06233062330623306 0.02266666666666667
2 0.5067750677506775 0.20266666666666666 0.056910569105691054 0.025333333333333333
2 0.43902439024390244 0.45066666666666666 0.05962059620596206 0.024
2 0.5094850948509485 0.45066666666666666 0.05420054200542006 0.025333333333333333
2 0.12737127371273713 0.4493333333333333 0.07859078590785908 0.02266666666666667
2 0.13821138211382114 0.7106666666666667 0.06775067750677506 0.025333333333333333
2 0.43089430894308944 0.7066666666666667 0.07317073170731707 0.025333333333333333
2 0.5121951219512195 0.7066666666666667 0.056910569105691054 0.024
2 0.14363143631436315 0.976 0.08130081300813008 0.025333333333333333
2 0.43902439024390244 0.9706666666666667 0.06775067750677506 0.024
2 0.5094850948509485 0.9733333333333334 0.04878048780487805 0.024
