2 0.43902439024390244 0.20666666666666667 0.051490514905149054 0.02666666666666667
2 0.5067750677506775 0.208 0.051490514905149054 0.025333333333333333
2 0.6178861788617886 0.33066666666666666 0.051490514905149054 0.025333333333333333
2 0.4281842818428184 0.010666666666666666 0.051490514905149054 0.02
2 0.5094850948509485 0.012 0.056910569105691054 0.02
2 0.44173441734417346 0.456 0.04878048780487805 0.025333333333333333
2 0.5121951219512195 0.45866666666666667 0.056910569105691054 0.024
2 0.6260162601626016 0.584 0.05420054200542006 0.02266666666666667
2 0.43902439024390244 0.708 0.051490514905149054 0.021333333333333333
2 0.5176151761517616 0.708 0.056910569105691054 0.02
2 0.4444444444444444 0.8986666666666666 0.056910569105691054 0.02
2 0.5149051490514905 0.9026666666666666 0.051490514905149054 0.02
