2 0.4444444444444444 0.24666666666666667 0.04878048780487805 0.02266666666666667
2 0.5121951219512195 0.24666666666666667 0.05420054200542006 0.02
2 0.6233062330623306 0.128 0.05420054200542006 0.017333333333333333
2 0.43902439024390244 0.45466666666666666 0.04607046070460705 0.021333333333333333
2 0.5121951219512195 0.45866666666666667 0.056910569105691054 0.021333333333333333
2 0.6124661246612466 0.5773333333333334 0.06233062330623306 0.021333333333333333
2 0.4363143631436314 0.7013333333333334 0.06233062330623306 0.021333333333333333
2 0.5067750677506775 0.6986666666666667 0.05420054200542006 0.02266666666666667
2 0.6124661246612466 0.824 0.07859078590785908 0.025333333333333333
2 0.43089430894308944 0.9413333333333334 0.056910569105691054 0.025333333333333333
2 0.5094850948509485 0.9426666666666667 0.04878048780487805 0.02
