2 0.4281842818428184 0.09733333333333333 0.051490514905149054 0.021333333333333333
2 0.4959349593495935 0.09333333333333334 0.05420054200542006 0.018666666666666668
2 0.6043360433604336 0.21333333333333335 0.056910569105691054 0.02266666666666667
2 0.6070460704607046 0.464 0.05962059620596206 0.02
2 0.44173441734417346 0.34 0.056910569105691054 0.021333333333333333
2 0.5040650406504065 0.3426666666666667 0.04336043360433604 0.021333333333333333
2 0.43902439024390244 0.592 0.051490514905149054 0.021333333333333333
2 0.5040650406504065 0.5933333333333334 0.051490514905149054 0.021333333333333333
2 0.43089430894308944 0.7866666666666666 0.056910569105691054 0.025333333333333333
2 0.5013550135501355 0.784 0.056910569105691054 0.025333333333333333
2 0.6043360433604336 0.9106666666666666 0.06775067750677506 0.02266666666666667
