2 0.12737127371273713 0.02266666666666667 0.08943089430894309 0.032
2 0.4363143631436314 0.021333333333333333 0.07046070460704607 0.032
2 0.5176151761517616 0.02 0.06504065040650407 0.028
2 0.43360433604336046 0.2773333333333333 0.07317073170731707 0.03333333333333333
2 0.5149051490514905 0.2773333333333333 0.05962059620596206 0.029333333333333333
2 0.14092140921409213 0.284 0.06775067750677506 0.032
2 0.13821138211382114 0.5506666666666666 0.08672086720867209 0.032
2 0.43902439024390244 0.5413333333333333 0.05962059620596206 0.028
2 0.5067750677506775 0.544 0.056910569105691054 0.030666666666666665
2 0.15447154471544716 0.78 0.06775067750677506 0.030666666666666665
2 0.4363143631436314 0.784 0.05962059620596206 0.030666666666666665
2 0.5094850948509485 0.784 0.056910569105691054 0.02666666666666667
