2 0.44715447154471544 0.20133333333333334 0.06233062330623306 0.025333333333333333
2 0.5230352303523035 0.20133333333333334 0.05420054200542006 0.02266666666666667
2 0.6260162601626016 0.33066666666666666 0.04878048780487805 0.021333333333333333
2 0.44986449864498645 0.44266666666666665 0.05962059620596206 0.028
2 0.5176151761517616 0.44666666666666666 0.051490514905149054 0.028
2 0.6233062330623306 0.5786666666666667 0.04878048780487805 0.029333333333333333
2 0.44173441734417346 0.696 0.06233062330623306 0.029333333333333333
2 0.5149051490514905 0.6946666666666667 0.05962059620596206 0.028
2 0.4444444444444444 0.904 0.04878048780487805 0.030666666666666665
2 0.5121951219512195 0.9066666666666666 0.06775067750677506 0.029333333333333333
