2 0.08401084010840108 0.22266666666666668 0.06775067750677506 0.028
2 0.42005420054200543 0.22 0.05420054200542006 0.028
2 0.4986449864498645 0.22 0.06233062330623306 0.028
2 0.08943089430894309 0.468 0.06775067750677506 0.030666666666666665
2 0.4173441734417344 0.4706666666666667 0.06233062330623306 0.02666666666666667
2 0.4986449864498645 0.4706666666666667 0.06233062330623306 0.024
2 0.11382113821138211 0.7146666666666667 0.07046070460704607 0.025333333333333333
2 0.42005420054200543 0.7053333333333334 0.05962059620596206 0.028
2 0.5013550135501355 0.7053333333333334 0.05962059620596206 0.025333333333333333
2 0.11924119241192412 0.9706666666666667 0.05420054200542006 0.024
2 0.4281842818428184 0.9666666666666667 0.05962059620596206 0.02666666666666667
2 0.5040650406504065 0.9626666666666667 0.06504065040650407 0.025333333333333333
