2 0.10840108401084012 0.2 0.06775067750677506 0.028
2 0.43089430894308944 0.19333333333333333 0.06504065040650407 0.029333333333333333
2 0.5013550135501355 0.19333333333333333 0.056910569105691054 0.02266666666666667
2 0.11653116531165311 0.45866666666666667 0.056910569105691054 0.02266666666666667
2 0.4254742547425474 0.452 0.056910569105691054 0.02666666666666667
2 0.5040650406504065 0.4533333333333333 0.056910569105691054 0.024
2 0.12466124661246612 0.712 0.07317073170731707 0.025333333333333333
2 0.4281842818428184 0.7093333333333334 0.05962059620596206 0.028
2 0.5040650406504065 0.708 0.06233062330623306 0.02266666666666667
2 0.12737127371273713 0.9573333333333334 0.07317073170731707 0.024
2 0.43089430894308944 0.956 0.056910569105691054 0.025333333333333333
2 0.5094850948509485 0.956 0.06233062330623306 0.025333333333333333
